00000100110000000000000001101111
11111111100000010000000100010011
00000000101000010010001000100011
00000000000100010010000000100011
00000000001000000000001010010011
00000000101000101100110001100011
00000000000101100000011000010011
00000000010000010010010100000011
00000000000000010010000010000011
00000000100000010000000100010011
00000000000000001000000011100111
11111111111101010000010100010011
11111101010111111111000011101111
11111111111101010000010100010011
11111100110111111111000011101111
00000000010000010010010100000011
00000000000000010010000010000011
00000000100000010000000100010011
00000000000000001000000011100111
00000000100000000000010100010011
11111011010111111111000011101111
11111011010111111111000010110011
